position=0,0.05,0.1,0.15,0.2,0.25,0.3,0.35,0.4,0.45,0.5,0.55,0.6,0.65,0.7,0.75,0.8,0.85,0.9,0.95,1,1.05,1.1
pressure=-0.149013,-0.15364,-0.15364,-0.155622,-0.156944,-0.124559,0.063138,0.37839,-0.000309,-0.053182,-0.034016,0.025467,-0.052521,-0.100106,0.069748,0.038023,0.061156,0.192676,0.550226,1.71474,3.99884,8.41171,11.7612
timestamp=2018-Jul-08 09:05:54.522477
