potzero=574.33300305959847
potmin=257.45078684280793
potmax=891.21521927638889
vel=12860
timestamp=2019-May-25 10:09:10.477525
